{
 "cells": [
  {
   "cell_type": "markdown",
   "id": "5d9a8f17",
   "metadata": {},
   "source": [
    "### Introducción\n",
    "En este trabajo, nos enfocaremos en el Análisis de Componentes Principales (PCA) y el método k-NN para clasificar distintos tipos de vinos. Utilizaremos un dataset que contiene diversas características de los vinos. El PCA nos ayudará a reducir la complejidad de estos datos, mientras que el k-NN los clasificará según similitudes con sus vecinos cercanos en el espacio de atributos. \n"
   ]
  },
  {
   "cell_type": "markdown",
   "id": "426f8139",
   "metadata": {},
   "source": [
    "### Ejercicio 1\n",
    "\n",
    "##### a) Descarga de datos\n",
    "Para nuestro trabajo práctico, emplearemos las bibliotecas NumPy para la creación de las funciones, Matplotlib para gráficos en Python y Pandas para el importado y manejo de datasets. Observamos también que NumPy trabaja por defecto con la doble precisión float64.\n"
   ]
  },
  {
   "cell_type": "code",
   "execution_count": 1,
   "id": "da71a155",
   "metadata": {},
   "outputs": [],
   "source": [
    "import numpy as np\n",
    "import matplotlib.pyplot as plt \n",
    "import pandas as pd\n",
    "\n",
    "\n",
    "vinos = pd.read_csv('wine.csv').to_numpy()"
   ]
  },
  {
   "cell_type": "markdown",
   "id": "9c138153",
   "metadata": {},
   "source": [
    "##### b) Separar los datos en variables independientes (X) y dependiente (Y)."
   ]
  },
  {
   "cell_type": "code",
   "execution_count": 2,
   "id": "ce5cc6a7",
   "metadata": {},
   "outputs": [],
   "source": [
    "var_dependiente = vinos[:,-1]\n",
    "\n",
    "var_independiente = vinos[:, :13]"
   ]
  },
  {
   "cell_type": "markdown",
   "id": "2f6b94ac",
   "metadata": {},
   "source": [
    "##### c) Normalizar y centrar los datos."
   ]
  },
  {
   "cell_type": "code",
   "execution_count": 3,
   "id": "cc238f6c",
   "metadata": {},
   "outputs": [
    {
     "data": {
      "text/plain": [
       "array([[ 1.51861254, -0.5622498 ,  0.23205254, ...,  0.36217728,\n",
       "         1.84791957,  1.01300893],\n",
       "       [ 0.24628963, -0.49941338, -0.82799632, ...,  0.40605066,\n",
       "         1.1134493 ,  0.96524152],\n",
       "       [ 0.19687903,  0.02123125,  1.10933436, ...,  0.31830389,\n",
       "         0.78858745,  1.39514818],\n",
       "       ...,\n",
       "       [ 0.33275817,  1.74474449, -0.38935541, ..., -1.61212515,\n",
       "        -1.48544548,  0.28057537],\n",
       "       [ 0.20923168,  0.22769377,  0.01273209, ..., -1.56825176,\n",
       "        -1.40069891,  0.29649784],\n",
       "       [ 1.39508604,  1.58316512,  1.36520822, ..., -1.52437837,\n",
       "        -1.42894777, -0.59516041]])"
      ]
     },
     "execution_count": 3,
     "metadata": {},
     "output_type": "execute_result"
    }
   ],
   "source": [
    "def promedio_columna(matriz, col):\n",
    "    return np.sum(matriz[:, col]) / matriz.shape[0]\n",
    "\n",
    "def desvio_estandar_columna(matriz, col):\n",
    "    media = promedio_columna(matriz, col)\n",
    "    suma = np.sum((matriz[:, col] - media) ** 2)\n",
    "    return np.sqrt(suma / matriz.shape[0])\n",
    "\n",
    "def normaliza(D):\n",
    "    filas, columnas = D.shape\n",
    "    for i in range(columnas):\n",
    "        media = promedio_columna(D, i)\n",
    "        sd = desvio_estandar_columna(D, i)\n",
    "        D[:, i] = (D[:, i] - media) / sd\n",
    "    return D\n",
    "    \n",
    "\n",
    "normalizados = normaliza(var_independiente)\n",
    "normaliza(var_independiente)\n"
   ]
  },
  {
   "cell_type": "markdown",
   "id": "11e75032",
   "metadata": {},
   "source": [
    "Hacer este paso es importante pues, con esto hacemos que todas las variables tengan media 0. Como PCA identifica las direcciones en las que la varianza es mayor, entonces las direcciones deben ser comparables. Si no las escalamos, entonces las variables que tengan mayor escala dominarán al resto."
   ]
  },
  {
   "cell_type": "markdown",
   "id": "7518ce55",
   "metadata": {},
   "source": [
    "##### d) Calcular la matriz de covarianza"
   ]
  },
  {
   "cell_type": "code",
   "execution_count": 4,
   "id": "02acc005",
   "metadata": {
    "scrolled": true
   },
   "outputs": [
    {
     "data": {
      "text/plain": [
       "array([[ 1.        ,  0.09439694,  0.2115446 , -0.31023514,  0.27079823,\n",
       "         0.28910112,  0.23681493, -0.15592947,  0.13669791,  0.5463642 ,\n",
       "        -0.0717472 ,  0.07234319,  0.64372004],\n",
       "       [ 0.09439694,  1.        ,  0.16404547,  0.2885004 , -0.0545751 ,\n",
       "        -0.335167  , -0.41100659,  0.29297713, -0.22074619,  0.24898534,\n",
       "        -0.56129569, -0.36871043, -0.19201056],\n",
       "       [ 0.2115446 ,  0.16404547,  1.        ,  0.44336719,  0.28658669,\n",
       "         0.12897954,  0.11507728,  0.18623045,  0.00965194,  0.25888726,\n",
       "        -0.07466689,  0.00391123,  0.22362626],\n",
       "       [-0.31023514,  0.2885004 ,  0.44336719,  1.        , -0.08333309,\n",
       "        -0.32111332, -0.35136986,  0.36192172, -0.19732684,  0.01873198,\n",
       "        -0.27395522, -0.27676855, -0.44059693],\n",
       "       [ 0.27079823, -0.0545751 ,  0.28658669, -0.08333309,  1.        ,\n",
       "         0.21440123,  0.19578377, -0.25629405,  0.23644061,  0.19995001,\n",
       "         0.0553982 ,  0.06600394,  0.39335085],\n",
       "       [ 0.28910112, -0.335167  ,  0.12897954, -0.32111332,  0.21440123,\n",
       "         1.        ,  0.8645635 , -0.4499353 ,  0.61241308, -0.05513642,\n",
       "         0.43368134,  0.69994936,  0.49811488],\n",
       "       [ 0.23681493, -0.41100659,  0.11507728, -0.35136986,  0.19578377,\n",
       "         0.8645635 ,  1.        , -0.53789961,  0.65269177, -0.1723794 ,\n",
       "         0.54347857,  0.7871939 ,  0.49419313],\n",
       "       [-0.15592947,  0.29297713,  0.18623045,  0.36192172, -0.25629405,\n",
       "        -0.4499353 , -0.53789961,  1.        , -0.3658451 ,  0.13905701,\n",
       "        -0.26263963, -0.5032696 , -0.31138519],\n",
       "       [ 0.13669791, -0.22074619,  0.00965194, -0.19732684,  0.23644061,\n",
       "         0.61241308,  0.65269177, -0.3658451 ,  1.        , -0.02524993,\n",
       "         0.29554425,  0.5190671 ,  0.3304167 ],\n",
       "       [ 0.5463642 ,  0.24898534,  0.25888726,  0.01873198,  0.19995001,\n",
       "        -0.05513642, -0.1723794 ,  0.13905701, -0.02524993,  1.        ,\n",
       "        -0.52181319, -0.42881494,  0.31610011],\n",
       "       [-0.0717472 , -0.56129569, -0.07466689, -0.27395522,  0.0553982 ,\n",
       "         0.43368134,  0.54347857, -0.26263963,  0.29554425, -0.52181319,\n",
       "         1.        ,  0.56546829,  0.23618345],\n",
       "       [ 0.07234319, -0.36871043,  0.00391123, -0.27676855,  0.06600394,\n",
       "         0.69994936,  0.7871939 , -0.5032696 ,  0.5190671 , -0.42881494,\n",
       "         0.56546829,  1.        ,  0.31276108],\n",
       "       [ 0.64372004, -0.19201056,  0.22362626, -0.44059693,  0.39335085,\n",
       "         0.49811488,  0.49419313, -0.31138519,  0.3304167 ,  0.31610011,\n",
       "         0.23618345,  0.31276108,  1.        ]])"
      ]
     },
     "execution_count": 4,
     "metadata": {},
     "output_type": "execute_result"
    }
   ],
   "source": [
    "def cov(D):\n",
    "    n = D.shape[0]\n",
    "    Dt = D.T\n",
    "    \n",
    "    return (1/n)*(Dt@D)\n",
    "A = cov(normalizados)\n",
    "cov(normalizados)"
   ]
  },
  {
   "cell_type": "markdown",
   "id": "10ac5a49",
   "metadata": {},
   "source": [
    " En la matriz de covarianza la diagonal representa la varianza de cada variable con sigo misma, los demás elementos representan la covarianza entre las variables. \n",
    "En PCA, la matriz de covarianza se utiliza para calcular los autovalores y autovectores que representan las direcciones y la importancia de la variabilidad en los datos. La matriz de covarianza representa como las varibles de un conjunto de datos varian entre ellas (sus relaciones entre si, dicho de otra manera). Por esto, nuestra matriz de covarianza tiene dimensión 13m representando a cada una de las relaciones entre las 13 variables dependientes del conjunto de datos."
   ]
  },
  {
   "cell_type": "markdown",
   "id": "57a0486a-bb68-4be1-855c-5d953e468998",
   "metadata": {},
   "source": [
    "##### e) Creamos la función para calcular autovalor maximo y su autovector asociado"
   ]
  },
  {
   "cell_type": "code",
   "execution_count": 5,
   "id": "dc89477a-b56d-41c4-b461-8c5c360fe618",
   "metadata": {},
   "outputs": [
    {
     "name": "stdout",
     "output_type": "stream",
     "text": [
      "autovalor 4.705850252990422\n",
      "autovector [ 0.1443294  -0.24518758 -0.00205106 -0.23932041  0.14199204  0.39466085\n",
      "  0.4229343  -0.2985331   0.31342949 -0.0886167   0.29671456  0.37616741\n",
      "  0.28675223]\n"
     ]
    }
   ],
   "source": [
    "def metodoDeLaPotencia(A):\n",
    "    M = A.copy()\n",
    "    n = A.shape[0]\n",
    "    x = np.random.rand(n)\n",
    "    \n",
    "    for i in range(200):\n",
    "        x = np.dot(M, x)\n",
    "        x = x / np.linalg.norm(x)\n",
    "    \n",
    "    lambdaa = np.dot(np.dot(x.T, M), x) / np.dot(x.T, x)\n",
    "    \n",
    "    return lambdaa, x\n",
    "\n",
    "autovalor1, autovector1 = metodoDeLaPotencia(A)\n",
    "print(\"autovalor\", autovalor1)\n",
    "print(\"autovector\", autovector1)"
   ]
  },
  {
   "cell_type": "markdown",
   "id": "f193de0f",
   "metadata": {},
   "source": [
    "Para encontrar el máximo autovalor y su autovector asociado utilizamos el método de la potencia que es una técnica para encontrar el mayor autovalor y su correspondiente autovector de una matriz. Se basa en la multiplicación sucesiva de la matriz original por un vector inicial (que elegimos que sea aleatorio), seguido de la normalización de este vector para converger hacia el autovector correspondiente al mayor autovalor."
   ]
  },
  {
   "cell_type": "markdown",
   "id": "7477d5c6-9cbd-45a5-832c-852197513eb6",
   "metadata": {},
   "source": [
    "##### f) Creamos la función que utiliza el método de la deflación para encontrar todos los autovalores y sus autovectores asociados"
   ]
  },
  {
   "cell_type": "code",
   "execution_count": 6,
   "id": "a1432b42-dd77-48fd-a80f-fd1859235871",
   "metadata": {},
   "outputs": [
    {
     "name": "stdout",
     "output_type": "stream",
     "text": [
      "Autovalores: [4.70585025 2.49697373 1.44607197 0.91897392 0.85322818 0.64165703\n",
      " 0.55102831 0.34849736 0.28887994 0.25090248 0.22578864 0.16877023\n",
      " 0.10337794]\n",
      "Autovectores: [[ 0.1443294   0.48365155 -0.20738262  0.01785648  0.26566364  0.21353865\n",
      "  -0.05639636  0.39613926  0.50861912  0.21160473 -0.22591696 -0.26628645\n",
      "   0.01496997]\n",
      " [-0.24518758  0.22493093  0.08901289 -0.53689031 -0.03521324  0.53681385\n",
      "   0.42052391  0.06582674 -0.07528304 -0.30907994  0.07648554  0.12169604\n",
      "   0.02596375]\n",
      " [-0.00205106  0.31606881  0.6262239   0.21417566  0.14302532  0.15447466\n",
      "  -0.14917061 -0.17026002 -0.30769445 -0.02712539 -0.49869142 -0.04962237\n",
      "  -0.14121803]\n",
      " [-0.23932041 -0.0105905   0.61208035 -0.06085946 -0.0661029  -0.10082451\n",
      "  -0.28696914  0.42797018  0.20044931  0.05279942  0.47931378 -0.05574287\n",
      "   0.09168285]\n",
      " [ 0.14199204  0.299634    0.13075693  0.35179609 -0.72704877  0.03814394\n",
      "   0.3228833  -0.15636143  0.27140257  0.06787022  0.07128891  0.06222011\n",
      "   0.05677422]\n",
      " [ 0.39466085  0.06503951  0.14617896 -0.19806825  0.14931855 -0.0841223\n",
      "  -0.02792498 -0.40593409  0.28603452 -0.32013135  0.30434119 -0.30388245\n",
      "  -0.46390791]\n",
      " [ 0.4229343  -0.00335981  0.1506819  -0.15229472  0.10902595 -0.01892002\n",
      "  -0.06068521 -0.18724536  0.04957849 -0.16315051 -0.02569409 -0.04289883\n",
      "   0.83225706]\n",
      " [-0.2985331   0.02877949  0.17036816  0.20330136  0.50070284 -0.25859401\n",
      "   0.59544729 -0.23328465  0.19550132  0.21553507  0.11689586  0.04235219\n",
      "   0.11403985]\n",
      " [ 0.31342949  0.03930172  0.14945431 -0.39905663 -0.13685953 -0.53379539\n",
      "   0.37213935  0.36822675 -0.20914487  0.1341839  -0.23736257 -0.09555303\n",
      "  -0.11691707]\n",
      " [-0.0886167   0.52999567 -0.13730621 -0.06592563  0.07643683 -0.41864414\n",
      "  -0.22771214 -0.03379692  0.05621752 -0.29077518  0.0318388   0.60422163\n",
      "  -0.0119928 ]\n",
      " [ 0.29671456 -0.27923515  0.08522192  0.42777153  0.17361421  0.10598274\n",
      "   0.23207564  0.43662362  0.08582839 -0.52239889 -0.04821201  0.259214\n",
      "  -0.08988884]\n",
      " [ 0.37616741 -0.16449619  0.16600459 -0.18412067  0.10116112  0.26585107\n",
      "  -0.0447637  -0.07810789  0.1372269   0.52370587  0.0464233   0.60095872\n",
      "  -0.15671813]\n",
      " [ 0.28675223  0.36490283 -0.12674592  0.23207097  0.15786863  0.11972557\n",
      "   0.0768045   0.12002267 -0.57578611  0.162116    0.53926983 -0.07940162\n",
      "   0.01444734]]\n"
     ]
    }
   ],
   "source": [
    "def deflacion(A, k):\n",
    "    M = A.copy()\n",
    "    autovalores = np.zeros(k)\n",
    "    autovectores = np.zeros((k,k))\n",
    "    \n",
    "    \n",
    "    for i in range(k):\n",
    "        autoval, autovec = metodoDeLaPotencia(M)\n",
    "        autovalores[i] = autoval\n",
    "        autovectores[:, i] = autovec\n",
    "        \n",
    "        v = autovec.reshape(-1,1)\n",
    "        M -= autoval * np.dot(v, v.T)\n",
    "    \n",
    "    return autovalores, autovectores\n",
    "\n",
    "        \n",
    "autoval, autovec = deflacion(A, 13)\n",
    "print(\"Autovalores:\", autoval)\n",
    "print(\"Autovectores:\", autovec)"
   ]
  },
  {
   "cell_type": "markdown",
   "id": "5e7957a4",
   "metadata": {},
   "source": [
    "Existe un autovalor y un autovector asociado a cada una de las caracteristica de los vinos, esto se da por que en una matriz de covarianza los autovalores representan lo que varia la distribución de datos en el contexto de una caracteristica especifica. Mientras mas grande el autovalor -> más variabilidad hay entre los distintos datos de dicha caracteristica especifica.\n",
    "\n",
    "Los autovectores son las direcciones en las cuales los datos tienen mayor variación. Cada autovector está asociado con un autovalor y define la dirección principal de mayor variación en los datos originales."
   ]
  },
  {
   "cell_type": "markdown",
   "id": "fa524454",
   "metadata": {},
   "source": [
    "### g) Creamos un clasificador kNN"
   ]
  },
  {
   "cell_type": "code",
   "execution_count": 7,
   "id": "a302361f",
   "metadata": {},
   "outputs": [
    {
     "data": {
      "text/plain": [
       "1.0"
      ]
     },
     "execution_count": 7,
     "metadata": {},
     "output_type": "execute_result"
    }
   ],
   "source": [
    "from collections import Counter\n",
    "\n",
    "# Calcula la distancia euclidiana entre dos puntos\n",
    "def distancia_eu(x1, x2):\n",
    "    return np.sqrt(np.sum((x1 - x2)**2))\n",
    "\n",
    "\n",
    "# Clasificador que recibe 7 parámetros y devuelve la predicción\n",
    "def clasificador_knn(vino, B, y, V, m, s, M, k=1):\n",
    "    # vino: el vino a clasificar\n",
    "    # B: base ya normalizada\n",
    "    # y: var dependiente\n",
    "    # V: autovectores\n",
    "    # m: media de las columnas de B\n",
    "    # s: desvios de las columnas de B\n",
    "    # M: cantidad de componentes que usaremos\n",
    "    # k: cantidad de vecinos cercanos del clasificador\n",
    "    \n",
    "    w = V[:, :M]\n",
    "    T = B @ w\n",
    "    vino_norm = (vino - m)/s\n",
    "    vino_norm = vino_norm @ w\n",
    "    \n",
    "    # calcula las distancias euclideana entre el vino y los datos de entrenamiento\n",
    "    distancias = [distancia_eu(vino_norm, dato_entrenamiento) for dato_entrenamiento in T] \n",
    "    \n",
    "    # ordena los indices de las k distancias euclideanas mas cercanas\n",
    "    k_indices_ordenados = np.argsort(distancias)[:k]\n",
    "    \n",
    "    # pongo las etiquetas de las k distancias euclideanas mas cercanas \n",
    "    k_etiquetas_cercanas = [y[i] for i in k_indices_ordenados]\n",
    "    \n",
    "    # me devuelve la etiqueta mas comun entre las etiquetas de las distancias euclideanas mas cercanas\n",
    "    clasificador = Counter(k_etiquetas_cercanas).most_common(1)[0][0]\n",
    "    \n",
    "\n",
    "    return clasificador\n",
    "\n",
    "\n",
    "vino = np.array([12.3, 1.5, 2.3, 11, 120, 2.8, 3.01, 0.4, 2.3, 5, 1.04, 3, 1000])\n",
    "m = [promedio_columna(vinos,i) for i in range(vinos.shape[1]-1)]\n",
    "s = [desvio_estandar_columna(vinos, i) for i in range(vinos.shape[1]-1)]\n",
    "B = vinos[:, :13]\n",
    "B = normaliza(B)\n",
    "A,V = deflacion(cov(B),13)\n",
    "y = vinos[:, -1]\n",
    "M = 13\n",
    "clasificador_knn(vino, B, y, V, m, s, M)"
   ]
  },
  {
   "cell_type": "markdown",
   "id": "7a94da06",
   "metadata": {},
   "source": [
    "### Ejercicio 2\n",
    "##### a) Construir una tabla donde se muestre el número de componentes principales de cada modelo y los valores de la varianza explicada, la varianza explicada relativa y la acumulada de cada componente"
   ]
  },
  {
   "cell_type": "markdown",
   "id": "8c859643",
   "metadata": {},
   "source": [
    "En todos los experimentos utilizaremos k=1 para el clasificador K-NN, para que no tengamos empates y no generemos mayor error de predicción."
   ]
  },
  {
   "cell_type": "code",
   "execution_count": 8,
   "id": "24ede985",
   "metadata": {},
   "outputs": [
    {
     "data": {
      "text/html": [
       "<div>\n",
       "<style scoped>\n",
       "    .dataframe tbody tr th:only-of-type {\n",
       "        vertical-align: middle;\n",
       "    }\n",
       "\n",
       "    .dataframe tbody tr th {\n",
       "        vertical-align: top;\n",
       "    }\n",
       "\n",
       "    .dataframe thead th {\n",
       "        text-align: right;\n",
       "    }\n",
       "</style>\n",
       "<table border=\"1\" class=\"dataframe\">\n",
       "  <thead>\n",
       "    <tr style=\"text-align: right;\">\n",
       "      <th></th>\n",
       "      <th>Modelo PCA</th>\n",
       "      <th>Componente</th>\n",
       "      <th>Varianza explicada</th>\n",
       "      <th>Porcentaje</th>\n",
       "      <th>Acumulado</th>\n",
       "    </tr>\n",
       "  </thead>\n",
       "  <tbody>\n",
       "    <tr>\n",
       "      <th>0</th>\n",
       "      <td>1 componentes ppales</td>\n",
       "      <td>[1]</td>\n",
       "      <td>[0.359]</td>\n",
       "      <td>[35.9]</td>\n",
       "      <td>35.90</td>\n",
       "    </tr>\n",
       "    <tr>\n",
       "      <th>1</th>\n",
       "      <td>2 componentes ppales</td>\n",
       "      <td>[1, 2]</td>\n",
       "      <td>[0.359, 0.1869]</td>\n",
       "      <td>[35.9, 18.69]</td>\n",
       "      <td>54.59</td>\n",
       "    </tr>\n",
       "    <tr>\n",
       "      <th>2</th>\n",
       "      <td>3 componentes ppales</td>\n",
       "      <td>[1, 2, 3]</td>\n",
       "      <td>[0.359, 0.1869, 0.1161]</td>\n",
       "      <td>[35.9, 18.69, 11.61]</td>\n",
       "      <td>66.20</td>\n",
       "    </tr>\n",
       "    <tr>\n",
       "      <th>3</th>\n",
       "      <td>4 componentes ppales</td>\n",
       "      <td>[1, 2, 3, 4]</td>\n",
       "      <td>[0.359, 0.1869, 0.1161, 0.0737]</td>\n",
       "      <td>[35.9, 18.69, 11.61, 7.37]</td>\n",
       "      <td>73.57</td>\n",
       "    </tr>\n",
       "  </tbody>\n",
       "</table>\n",
       "</div>"
      ],
      "text/plain": [
       "             Modelo PCA    Componente               Varianza explicada  \\\n",
       "0  1 componentes ppales           [1]                          [0.359]   \n",
       "1  2 componentes ppales        [1, 2]                  [0.359, 0.1869]   \n",
       "2  3 componentes ppales     [1, 2, 3]          [0.359, 0.1869, 0.1161]   \n",
       "3  4 componentes ppales  [1, 2, 3, 4]  [0.359, 0.1869, 0.1161, 0.0737]   \n",
       "\n",
       "                   Porcentaje  Acumulado  \n",
       "0                      [35.9]      35.90  \n",
       "1               [35.9, 18.69]      54.59  \n",
       "2        [35.9, 18.69, 11.61]      66.20  \n",
       "3  [35.9, 18.69, 11.61, 7.37]      73.57  "
      ]
     },
     "execution_count": 8,
     "metadata": {},
     "output_type": "execute_result"
    }
   ],
   "source": [
    "# Separamos los datos en test y train\n",
    "from sklearn.model_selection import train_test_split\n",
    "\n",
    "x_train, x_test, y_train, y_test = train_test_split(var_independiente, var_dependiente, test_size=0.2, random_state=42)\n",
    "\n",
    "\n",
    "# Calculamos las varianzas explicadas por cada componente\n",
    "def calculavarianzas(x_train):\n",
    "    x_train = normaliza(x_train)\n",
    "    x_train = cov(x_train)\n",
    "    autoval, autovec = deflacion(x_train, 13)\n",
    "    suma = np.sum(autoval)\n",
    "    c = [autoval[i]/suma for i in range(4)]  # calculamos las varianzas explicadas para las primeras 4 componentes\n",
    "    return c\n",
    "\n",
    "varianzas = calculavarianzas(x_train)\n",
    "varianzas = np.round(varianzas, 4) # con esto redondeamos\n",
    "porcentaje = np.array(varianzas) * 100\n",
    "porcentaje = np.round(porcentaje, 4)\n",
    "\n",
    "\n",
    "# Realizamos la tabla\n",
    "datos_tabla = {\n",
    "    'Modelo PCA': [f\"{i+1} componentes ppales\" for i in range(4)],\n",
    "    'Componente': [[j+1 for j in range(i+1)] for i in range(4)],\n",
    "    'Varianza explicada': [varianzas[:i+1] for i in range(4)],\n",
    "    'Porcentaje': [porcentaje[:i+1] for i in range(4)],\n",
    "    'Acumulado': np.cumsum(porcentaje)\n",
    "}\n",
    "\n",
    "tabla = pd.DataFrame(datos_tabla)\n",
    "tabla"
   ]
  },
  {
   "cell_type": "markdown",
   "id": "df7ca75c",
   "metadata": {},
   "source": [
    "Observamos cómo efectivamente la primera componente explica la mayor varianza, mientras que las siguientes componentes explican cada vez menos varianza. Notar cómo con 2 componentes ya tenemos más 54% del porcentaje acumulado, con 3 componentes sólo aumentamos un 11% del porcentaje respecto de con 2 componentes, y cuando tenemos 4 componentes aumentamos un 19% respecto de 2 componentes."
   ]
  },
  {
   "cell_type": "markdown",
   "id": "2c9cf7df",
   "metadata": {},
   "source": [
    "##### b) Realizar graficos que puedan mostrar los resultados obtenidos para los casos de los modelos con 1, 2 y 3 componentes principales. De acuerdo a los valores encontrados en la tabla del item anterior, cuál de los modelos sugiere utilizar para predecir el segmento al que pertenece un vino. Tener en cuenta que el comerciocuenta con una gran base de datos de clientes y se quiere poder hacer una recomendación rápidamente."
   ]
  },
  {
   "cell_type": "code",
   "execution_count": 9,
   "id": "04de7b62",
   "metadata": {
    "scrolled": true
   },
   "outputs": [],
   "source": [
    "# En este caso hice los calculos del inciso 2a) acá por una cuestión de comodidad\n",
    "x = vinos[:, :13]\n",
    "y = vinos[:, -1]\n",
    "x_train, x_test, y_train, y_test = train_test_split(x, y, test_size=0.2, random_state=42)\n",
    "m = [promedio_columna(x_train,i) for i in range(x_train.shape[1])]\n",
    "s = [desvio_estandar_columna(x_train,i) for i in range(x_train.shape[1])]\n",
    "x_train = normaliza(x_train)\n",
    "x_test = normaliza(x_test)\n",
    "A,V = deflacion(cov(x_train),13)\n",
    "\n",
    "t1 = x_train @ V[:, :1]\n",
    "t2 = x_train @ V[:, :2]\n",
    "t3 = x_train @ V[:, :3]\n",
    "t4 = x_train @ V[:, :4]\n"
   ]
  },
  {
   "cell_type": "code",
   "execution_count": 15,
   "id": "5cd0ee8b",
   "metadata": {},
   "outputs": [
    {
     "data": {
